77577577746564775755664744464477545764674447446547644565746566465744654754757756564744476465654457445657677576767465744664654656444465745455444744475477455745664746466464447664677757576775466447647544
07005006600350704035343330335065056375333634004305370603530035003506330336535360433430330453630033003650353703030653730633553033360303030573703630643633003740303730033653033443330000760630043606005364
12572146416660226447544621510126621637141115523617312603702624153754077320323222667421716461032673166415315532165451176310562451540275442775252412074176202447254302444136642501174227666627201612743114
12663243363312327642502054370223473153340030571055514442160366242462366670061474140004726232060007021211537753251703704175211077066223623624130301546033267742700424477301105216166230323270663105534614
72333714475405306465620647422736714636403404435166623600524465661477215135246504454623450047603734564041554602165035145544017746103370510763775023064145564021547434044170005640327736336573043163760412
67764310335237263305511664223424442430056274111664201207634614120170106637010125510540226405606166234264111752273771312765475722307057653070500234405530207124671507157071676015303446423517007375636735
62324425553756374573176277137214377461661631742217760375712726000215425462274545037313620302130240620414521430370656462160103746413065052205750450127174237703556716612473551560362212446433265473163012
17365657033506226264622001571247472070225034322246624223261164640673046043125070366011477657355633445326175713613727126503277330642502761453352000444173177157013305512133231454233064127302037775550525
15601072001516617451517364714034541235047340506242473263314653024303244535427750504725513021243772050104012540733036067307545662013324415607316546336540127773753115705637535206035323654145304425161034
02747762025165160047070207437304620477276101734360677553233531356716570413642351434004212477467134760430053402374331400424471330506732211763054521667350234245446722530134616640663000571671243243255353
02415524604312532554722460774406210537743700761113534776332463012426076005521633712626343231205421555024370476466477376647426503634047754317166000417123713337646242761473633155043156316763257465646312
12405754263143510555527234657532572025571410340076713304462362666424742670073777165737052544544254466207631015421636222451013452603331647114660722435312776466161353124165416512130425632562261263734313
61454337342150254051703751330606720223713776363366716475670211111632020446037700572500621613330213660622441532175033246667745530376072320224155075745716137626515401716461351432561244613303402471557012
11430744417427326302065347503734237274336630540127466160061756270662177750026672205522714767727711160073243053266176033061274527303550651406471671507331135021053052644423235641463120335247414344610042
76026446321643427302205565100700772761604542721735160063267322720254702576443333515575706105315755453254513046143332740331676065213632050265272656727105324147650002472671613077217304654252714523065055
10646767023542567006174175333750776021602156101114664404466472327361237754207351660012154653143212103556511604535433335446420166076012343016721135736020145236440764070620506101774513343627425176141063
66747000305015013302732707717330350270115652155775613550265227727261712457715155153020350446501544546505131402375350165244576501256777311533335560711763436626371235030474637573176577241565207052176062
12367626504000547433746422061304426305464705322124157155626073272040126740562237267027041301115456022472342454636732331602124115163435277573113571435355051313545571343404015075247515661212137141317125
05312552603654475315637543663422653532371650232266200451667362712703425045473725423425647005610510145751612462656621741066210437652337140260632773431341757033015364173235245127140672006277426020065614
65345363462176721135103056346314107337215732011146733001270512727354366642045712651542200646165704524772570221616161205562652564450032666224667244526660426174505137565045160263272405507666226220643732
65317347211360026620333741530213436065245664065443366704476427235300124151766306216723015045040125765606070211015101357103105134236464126710633523114126527206164045013302524433173456202045022453265664
07227525514051606405754454323041302271136674222316310457256201441354434506427530757101101006624446612722060411074047155314547641060421034422373600504610165024505104346104757034551035263754033101202214
75163611510746034560231757066775450345523231634424165307226062740731535025141657521706204456447602370262443405374741313123652217641631552774603474216415064272610544601415571143323700602275170602067454
65005624021606562021456472302310021265077742521114314064747652026446732531565322271342632053461473147627110034254277470506767104075115320105774762115340120654451305520310565077743234334370013404256612
61304315146124357230067405024772220054055067051711460151416441553765107351250715735651517535657053221545500620465612014403361366270007540214674472211072450253256005010676520376572376510667740136243765
05265664123353547303245157331066602521173355450512116517713302572101304167151375716126336425036245014503024050204032744755656221451537115573470247754227455367740562035403260367610521672063262067210014
15502504714412577065014065100530012660040761607214043352574445531437504311460277622503552270531670133570703065440036440212656711335734012117674731502541266361274623727737374225060314406247307274322765
60364230612560171450673045175403340351661661066203337021373640127542674736421436124115417055521444604320204237772723770720262721500731005545260174637213030217562275722426401155266775212500624763612454
06624471210165054225031001717613746213613337157750173447735602054266732114051613636040321676035512435043747604207536072021566420752401404515066466704754370467450701254223146202354222110473413642210535
15440003744331175430745104642242366372055343153066343140754100507622717324143743734277415363166064104144632354147661352544357232050170500502230532402610535224163737437557733333536360220430534636062724
65342064774120527701775505637771511351533143611407712764425063606607356247407552367426516330024453452140311641005054175335700151761053425073463064642506324137451774450323076541766622566043401752326464
77000126464127674212441266774321033052566061444335570452225055452360267412602277242027226733430011671001074400222643520116724351404360334043644322070357563341651365016573135515462657225035307750626212
07540534532325473263124151751535150442401052370133121416401657311363434404042063706004004646375640403105642757335310160041700410654264457343626340757413517103775220550471433114111662221500114646220745
67002650700412015561604117421650157717364336777705554644762257524246421746230671517777365740053077356512637745624274603530472416570521405715404602320275400216564630367076672151174562121477531240065415
07355060314775570036425310565167327270527620371262213171031257525257277205622504531640477250333405042202316511704104277053240014472560273542133743333415606017452724217722732511143504627042622255424662
65703204361010623550017022501517027343724764623276510471555376216527603702311130572156264773575036206724114121716567105002040475116575066423575757334333022043350465025065045516442304216723155111555165
02364650041773466222403500357777255057556242232356562366237715066026772036772120616743433555630720616717626037650212173755766630210007156000604277773030147737711500104524175612416406407312643324211015
65660276273175650057557233240214561253161355063257301236032144024022076607105270423647530676041204056372227720303547233601302736534443600460755577041771736024374463307535505165120662007474351255261734
72270530612521117020070473721373425473300775153723365166742165475171630025654160416440150203166610747532742677263702365230306602432602737611070252770621007365647214125101762051002411057641540211141765
60174421634725536765426473727455010714526337773235114123715420160174026561732164626465453776410125045072321252244456433031646565602074340107734516306736624356777520337206534073063311155466014547613524
12427045612155166662225030155212570476435362252502350173752306230614164432737224236145203047016313525305455275337522373301432353005777773273447027343052353106275755621306517774573113515314461110612753
67456062140226213375706136431543070545707337170565150246741553115737232664671241561050572233647170703664772523606027465224715300762164205755534064302330012703712001757020750524710633021574116701036145
12403105661434611476527342353516624437027016065016701036467061363144610426273161613575500476042705774632262260346030021161674265247234362247507346526644030646544460410427567374272716337620106022344763
75442575251501114361417515117511375357372742127021362154547323372135243644362400336505134315651417541747222217734563657470223001651446033555356067613130745413167141777227517304702757315040667446320552
11061261617614304457631770205021507755276520437446101472457417143026006617622705414366714151150273456747204755322011310117767156743302155426612402175512474262305611000526477752032301717100565620027415
60144161736213514673155035204642036017324221744425130740262774275342523751774232347164757222517546502477522775626201541765214602546703630351771373672111402425776260245417743067707375101404276202756463
75711557634312614536143725652746733431667762631006145246405721653602034012571741576620131272266221450374721402740116401237651265700772737621654262643236420076141451064375555301755072763453246513116062
16127526343553231632531435171167467631542271307624745353017750361275131441661404562745777620214726737724017127161650307154221340756636465416540272537614073255121101250521710004712772430711564612433445
62147726060770156133071155241165125015073676073312754103150376403135042240333604116465140463207626716116377553111406624252545133661742311012570336066410741532525454071573545507371345460205425637361315
02662125500407706066441551131461065772552623041446125515335623575032105474543602115502712350160456742200005071043650632221434703522557004547701737321711654626010100407114110024444420270520164047273262
65272350727216367332017525067263274320720432035745571000314030574720650144610452104654405030265433135303734336734022510364440630136721274773067306314710113106232430235477440666633020503464603507756062
02301535674743631601155461133171407624524354462010355033370630571761761766224331643531604351044576477140540741506447737234121633304566437157660664715427747365043145433154174225676033413656166614751265
65352472243572633360147240701236424274611440533423547047171517017541250252503724272660423101360626772116364070312052646677003301357167361161464325637177371143754035752777425074053776130010565723220515
01255337174526610006764061246340575145054025463134005360351237545157526577315735253067205237204514171210500425400441543200556046042044173352511654372227447266201101750225417322166120027405327160221765
05575612602632632726471475423323414617742056376623324003227144622252507725074107312664053052377616360661450363044644006544006225632347611047225607201171747420672005275267246246644231041444557175276332
12601536530672013627371653770776232275046407025676377633314375323523120652176707405317707735322627252334335273532105622105230740527524313545741006764207244740631030572076413033246662136407202004541765
65642130333413556526542165126724002115661406160657622715321447076512314647561252716736420640276617073343003647420156510740154627306366362104127544550233667220650520674526460666612522354227463343171535
12566706066042211535335676612570305664046624252710571236137066024501302535613317054141671246223653247540154753002501135755515344245531233173365213425343400726013074273251046324106706520716416600452455
01301216341530035623716661232330745233035412515515055703166222437776135075215004321543603064115757275555405262442473143171266331354607337601664350277042074305060426717437637143013117466225636247013362
05476533440521444671156241550432657731775110521205275030443521447165002641513344436475332301134260253012724534025215461435456527725326105660257715651542421413644027342575117362252474402251661163607045
67356177120326602402111057170705202601677165264340040773511314762111154353076145336073540577432257777527157321170176146622107471516143166012771506131517627352306034376402734407661332115571562311054065
01165632556316522710531457053524336444743277211161057504617620101756636516734606702452620234042201576416610450021654653203710672206115621233431157677005217553207741550765454073253030611012453414376643
15432057551007556224450735571471541203654141677623203670362701634265606626725505257462255724057452265715563701531510617017145764230016126575427656722624037273133105315427215764060004054357335264222765
71650130763125611415143045313174716562243243702706014700604104151345012051372115110644115725263322364015501557013750634024400577461030355220742555236622623777773260246576200127501504736673761154311415
02542764274222211104774235310415626335304704336612402556447213071165157440672551234446622136047260224632617115352342744271157760154005027043221372633750213716502475327235052260256432700636020616164734
15475427507272510435104774060744606517100547116573602135256246672145273462231556715511400131740021405100514741706214667221617547620267734370616746564670203416312704050023755133663110360054275415123435
15012176672156633770167406126604632150067401265335652563042153221745733270037015105165403666612455704367661052427372310061214323400225606746523565272227246233763637546340060153476016445300744772361344
02040104145763736237235314411165042002450502034626212374420313732254040756523045356047200230121700207056622551777550005020476573562063266060262414110031057140041176005716630371461151633534247746267263
65030474060247004522057243145341337454333027456307207117767631107407744317375041105720005444001044517603351777135612724073347405015505351165354120365664703022777356125666331043512672145317344216566612
70721434147634522463747015627341044505476021306012664245175312333474746325146743564611766135227170003504577220722216647304050725275523156525325204400336516145707125751636313350420071557774303427106315
66420642600145050155224470503254423710131053046475435733773253173631754222722050221731366620335266463354630171257451236223155464272261213565340546035661202000322445632643336010363244460274442036525613
12626200244047600511641346703456514570033441030325757355237015643545306402600446604441304461637512015660056547535177446042063373123422652537552624123115602704334455544253651700004672036424001442552742
05404176737306520565474723235037662200757432345735231105126576333235332642736300317774226072022225133515306331671041114647445707534714362324116713351636022674532573237463111534544375745530064165033715
60252145627526032224563244673060422723770761033056703020044656163656136661330547604726422651442725652761756113361255711154207256370730267453723017121652166441666475742015672412326666137656365622362714
62611045351055703456062422070652406262206405462345656437423633135020511461304716674140250771211046173140227657213050344742264267347726327677346672761207124232355227051251157256002422760611001570501464
65203240532427764315660772156036603111464355375223136367272066601330425633225542215663071260001150415624453602357733733365423626710654673703160221111563244713113740700467266242153504175417105602714632
16302602616026470455125007225730500144503731774271601047072140437014725631262116560256022641407671740520175037243672650560216421342206774755202065216517765007546022454001556032113424241056222673150044
05105014661137641041670322677301714560264457722012716006026774706506745670302125330017542630302415545536033706066765173303734256311750352766614602136313365137307541710524537626065244752067445613755553
72050340447015744002761063050216116004314711160045417762356561244205101254524065315623572553226235202067042364202566337405156523022417617541302240654463146723604062444303470612136111606061363135532362
61057321011541674606474532363430547647177657553563133545320336414516744411651651364254322053123457705504770433514653712424347206642613654361176130225072320442423244774272372005640141416346401630600014
12537451204662474013563703250064476622311412303602634325227460642121671516062320155436314730011743127113676075322246075463072052212732736273502021070541541777357317165747113054762611045353373053256664
70061473523543737662636115576223322055772035502600745260116572466116464214661611041761160001274031657155340240652441477516622170005672600545765476075453325624775425352526412440646722233640514400050512
12447417137074042270106160616476742701634541705414307322604530114726437572125226543566127304365441343641753434546722065005140741604572206716622202250650005661266005146113312701406770073477326524056565
62666226177325544573203166025501115705657206662357464011573773401452147212764213375113316474432634553423272652452411436136512355260235737402100212445460325156331207734701710714403702567415542211656312
02614113541444522373772116163135312610146612463221653527150246516417577342252506405230312422153552212554523616621550344565720272242723135163646013740531554233647542741717437374157434375115716632216363
05400374626637065253034247063077146345351046643035270225652555262673377523276523165751366737261107335613076602517021541165664024753264337061765632076407227513621256171177311556423376003204644612335312
12717414722700100175177742304167461231001565636020344226223053313636133500234173602507330037273753015607252060016541575321212622751301650363006524743715670261107617503501042055467232553404652763336035
02054672067356300014502775405146221555553504650366426622040566046146346035450411434260303456116606742110312677661170715174140704731004307254127175361472317673732003352064344533030363632664442630733532
17475107531601715460164662244063041617105365061650206116632424133403160043155077640226410752733412346475023246203304521676115447742300714576323407220355413771037756135233357055556333760236762703604052
10520530004774036114436336602366320563255212061006614636567776362715164003502052705016023445375631444227246336670442170241071742270125455220475747455077072146427360743556422646733315364311017475613742
12671775233741462465721553407634322311552041566465151562167265121656167357636235006542671715622171541056245322633704575743402704502010360241704034251203407524555325456133302206741333315463451150106714
15303266067117671155115556700750773437551130416126512014524177710532246063002022355561362242033576411332401534537612717157275106477336643553244544723714167204061246762076522514670570420043121445447512
17356242105706766271133021167245761414520026624543212164415324171005144302476741333027255352173735700371453164030662125416560130463013146015362464366210054416042600457620532755106664234006564623234562
07322135143335637202164365354274151174555626526117461270451717154727750525513456577126507247554727017347612155473443123541133750414437455320354510331210726614156726530652016027165331706424312551513532
15755525241353523574630511171651556166401231652575672160043527676347165310710511772111303011415720764010716160254243051506014461660331740024673007744171436400701557402715150472445610437577005367137513
11361104350170557550537633252451230642762115352164144237560612726732614057026560337724774062722107547023007442723201275117356325201704434465600502110422451042007710662434171471733137511155276563106312
65253206716424233076365352242435302434111713750621261340405224756721551742520351714416367643550224754303357565704306307025641030663437746214130375742013155432144454076721752235774507425652156616525062
12131404032225774206431553672515772777360254452215604165666262265117771565424003174360672207131203745513453410500715732372735652666124057156044004705030753014342306545531030077671513115563266136327623
00730476140652157627057613020207174036462323206470513100624522223362461114324772570273633702550432467710673076500007777156011161640603741161201562406745300737725556435704377050557511067002220357422114
72040027240646542145662476733430243546026674742632561306536716376672327676722135035476472327072567302322261206002346311553155011513644066465024177103367230500014762320760106126535474623457534641762212
05440543412513052544235502176017566130630417146025271155567226212473633540165442362332255566307524706710656526046305136416531137464111542670352414470140006507667657622210413436433712563205412776631264
12007554144210422423074613551473603051766316611507660225570652520355107050661253307032611531010656226466313133600425736330326734326164174430241211671065045072550726504135443634476525235027140000760214
72442452633460444017506567237332143662065602002652114526221646624237135343537553023570465133544410721507260165052044624617401531067473221762467124633201754123763664773532772137040572041155503367441315
61135725712523505461657157057642260022273600346071143100116045257033703004507016301662275117722003524127145524131542743612360630576671042446414473133105662452251277001705027744075621556546074246475712
71552764032614460116435161265155176060441777230243414466643362662177737604364041145564201155342177517762270133536217452355175537323632544444163232412133642110347775576005144464262165121035623124260062
05476332324527042221541206511701654272726105447444256023307345012501566447243601161213766407310014175462666441755613616060226513763374117424155011340033071763436562762707175300626575633422712721051365
12745600521752621141072446601004212520724637176266032445574677230324235752160417662117020506071353141166623000502161041551663702277632740620046024003366440552022423661136045005464133167060145731750033
62010370056401517627077113312640442677525523643060471131115574750225766707161604100201651055045462341234303147367051251616133660336766776077266323065046325436163300164654073170366767602602570602255363
65773300741407301155663771075756305232572305045577521160431734725526226727371133235004540776523506320634474056124153512507641354623357455261050160126723723333361275450373543533427425663205261633607362
07337136261436103052043752164700260052206465264110776176466434200052127477620705426123337364262200070721700157416541413174343140353735121157077011350277457001676332720575436030264613571203156032600065
70463426370166216633063317356626061303640251572236007267622510105451633472423714637537621176666202647736035061317627107614761410643424522610374701136723476143501762234577656737533171603145043372115643
72473403600044725336243424166236526475355551607622353611064002344763332042077601164154343234457222332345143545154116662247617005647265014511374472463672445412173375107454106320607404764205737423253243
66466214736261437347361732507452633221013525246364332535644407546065064265445720564227143554161340715707072310356001175672403144354272531730564236412535211314335634262443760712414660206570042457207262
16535222130642574217124012627562632562052551604437622313576116515146321515317331610517465222471161400224444463227370666213574746463230622165257552131537070541760136642716014461363027604175547672246563
05036144542504104061745104144274455622237101372710614143451165013564321636223463270376020260265641233576446442510323225056224627437723705220216403105577076707126306435505236377400204576365220023225413
66342111371610340076510124466435432273353354036264264245733120356424103326113504657704727004261104032421067415715035257647735370760270176133413510156773225062243263653163754053565274251446317554017314
67362710124436000247461346622471647213751307537141371403717531050450466067071203131717367640166670543676641712772333331240756636501201657772171610300541235177353043107130337151114726763754002205776422
07660372623745103466327452533633746167750030013756574040352103740517005327726632777310671772221462653226031141766003324146501610637443336527733701235463376330553436644776410725533116617470022054267032
75010666602052164243610565735715506226272677353612577420503545055064723013165672027273573541436310361137776603126777537314703060747070013775612144376347630532477712361730262434116145765370420751476065
02706420335241104075471073026607612067252716003470320467205314340664160252473552243502435425721477571163160477507550771616776131401652430775136677243171451667370627601367440755401135364157445017423032
62340745567022516141767434761652053322371632732636067010727657332607226077341532202375572700037441110533261664222117771632262767606040515721560327551161263257211744550244114461174053254016612376145055
15433526220220732022542171101456640664472442575133055473451761170155255321175565214317773507646022340466234412722402740767134320423550467137074613326632416003114636311557515576422532431403576245722532
67341357373056401354476046414001640265271230460755533141446677053251611551254001311767351134263776765451715470247206342657420346511066221356544406036710035652553706221576521736022760776407064211354353
71055340416720523715425051542574411306135144251357772223621330251700620602437347702327277745301531512121672165623747263367205201075501761231572257341362644027070345507632603717472315466042276026315012
01601741031672633342126125550437704204077501210766275713750731715574270273577712016443525707626532621542265620364622461333774006345700567424306535714626125602044623662116376240466275216622044040506544
70456502734634016340422437272355407207144755633224553600332420075216713514761677125652324752256173567126533026570223527604627523352312661464040616522231115512170046572353541642561170623105636440034612
62647606362632354461470732410063210054652032157535373335313653254062647515164325221753357331106402277103376242126433773213340267463262157176762034367702366233004440053506115020514736536362352062445512
12005027352767151671253535724577033643700706072577350534045106167662335215350271530461251765424642156614413720736065242546733335666121375440125670402626037176133507451714355007721564736336502652654012
15474567163331251734256334617335175306534505642754061354231332240671702056121043766236513126524412341676271347726636322304741616066226626144424551274203600424140616765730167672145355005541256136103732
62144463277725275417620351740571217552160213747226546405521117031253104066602357426537512557217751732436735164361356723604661346261362221570156763115550663716034623642176420225566121354310620566442714
62420214464424617124711307232323656612507774652517310506130233442471447054627716364110052226742161176631762251337402165120271163420022474012407410136622274636106015354742661231660650475772415025601114
17410514477222072267767757764063222213115462442707170050047577342527040726432524622622307726771267602717135300324065140150633610426746426077315344300235200130562747161146431303164621507140012650016742
65451664124447064147214052327073313770151571505337347631057321241214147344171211756570343242366220520046770767215656134076563626235115567246744731163066227540311565457723007375213550255412500445044145
61752260713006227611646743620463136111553663407646363451765723025273047205715037100057776366125101217446561040620705110523506304146623107316335670333032005017444225206175630474147015513603074465105512
01467274270067406262226745763373560263060275766663043072412600446101744066747602342443417023105137444247327104701236677415626243153036327264600606607360125567104044753761077325206405756017541650227062
65262117501050353602564107200070113050351474116462677031155324600332602305432574237054147154153662321013720153574440072272217516177630143660454735730216524323422765101455371567242047611136325000044153
60157521165045571563136106314765751237341361751510724024551144023770415775171173643141433362272543724673342001414703736622642567333726531567231042151534450445471057612766213034672770475626715553707715
05316305155233653270327037700127170603551257157626747300631507071166036326027055544370717437614003305334556343370447035651166676412551117667767221101417721273203636120537465731715521741551547231006315
10764123240145032244600071707455752466360617763751510046610007262131505525150475517301534311777250500642226647245653365313303215632273712626611705057372745660153732076721177301345515545272722453333762
60620601762603602376422334712462120060411416302652403540070077040024013750135433076073617512104056063000512073113651533604174155667263121253751516630075751017075341455431055664672253317652255060107035
62431374240673736762433336241044657246521234755557104307501061656547340521544737707652036323637462130463464362650042663204235020114072155401441503355323601370043110727524561141755677320326670073425345
60360463734063704032761432231455021354472412431677463012367432325226462276276435116340067171030354426034475135021206416674032367607140542024452055457266307114574025056104624531531507727503557751033243
61253461702071166470647130320470257420574621772677151074343475656562020427045621344242441003564471101760125033244410563462643011757276221244600327642225230346506031346115157662623766077216012177662363
07316036104744450326603026320041541441416712732714701757661212121062623453661667323677223032657237253304774572322005416614312503631742756270453644215723736225430035640417666623037166233765237474503614
77343123502717306636346363051245414077015377535347210171511073775633462163666217156617642743350040410474147737064223536776210572403527717010566724204251366267165636124004662153661440761454511475000714
75470131462355460407030010723416504275506101674760274505574165730167200602556233165631146714413643435235725420507134517501165220654463402177416565403200147123120325165242556631173126420333612712636414
72546620300531642474747527331150666431632255156575351632674223337367626216567401251512701262442053024742657165275607422372465222237133135075245472210033777456745231044204251676610426467774757230057762
62415316043603046222044227167023040123016712361767220140277766333003724202227424051251074652506300576002652520311517016340166023777153033346117660077471117761275523265412543005227720537451647322770565
60216735136317560716404772003774177653241335413672312347664254663335741652674452202471543400004467211143401731257301546776237173547773003526576640220002124671455613141114456632504070025171461201035215
05561772520351503435502315673442415401334572211644706024462200056524325226617771237313156300460044275361304541505246507027770062217754133552733433575226444431062057643145052347215735454764451353745364
07012556421475573140774432275241666737513330462743505741434230051470670752530656076115515136014401517614556271313304220772621444622477050023446601270263242433547105311147551313461335561437010656204362
72347322141257216570567422342002442035664630226100452772553062676120021575663230205136703637763302374610506025761403542245742705452230177443742765732214472453001707574561666216041155052610650726223055
67423204712732621612516726226544043503101005207340277510760072420541240716000776560735432014306775115147200652150177012316375442177041757177005361165266614640253064401572202031043626676433321067640633
70351776505642104646734631203137273170500660703671003670300726634004264244347347222335110443536110627237022547703264473426346147524252537640524151473202461242747564025515574653301364260705457232575365
65470056612341715157366323575500504134434200234046565337614354612100667266744214704734725430763422704375642012650652762721637421611140653073527633107034315175322225400155110770527641161014042553511032
11350260426772422770520072422002567444321033704365470353700320440072460321751462447544632013341136404044623251131006514421577065272613305364054743126744105741212741105446334336475245277237046105457455
65131265361170207424077573062146064310752751454115033413440475550640473460161055374426627601140411466263340706535350617157351642616415504535257077523600704757402341174660647742222250246467422325565213
07012545037521244510345477222712673055005220156427145516633205201216741463304677672561671103354414657406101434016022621553716401144131160737712360110414504117704671455425026267742021446377711171513563
67105355667425314775767035701175700076722512541353467632073045517553236075400641147011303207171710150607257110603530404562227213543175260630574023526431554641144441666667242623126767727533724054664215
12413141113315710551150073100140174060126024317441050006064422062676420140115477037547347255560225261206710652644062357254324564414426274423757273063042255721331165205232702666741266620311617445115013
67631557705520662226427407557377735154514650514724621444542727136321051674545303455503260213516515324064316403564246420217653626414331150550537602546730562254301516735573520252020465725264741374557752
02621701207500207722651453201552750315531106315411751314575571641215432425773533466703614406210033611350536213402217663314115357521114135420716173556522004320004065477205624201672421504666237552131742
05536614343676246411642703232053270257157034350331256424200224123043762415077513545360743226262450730227535032544115555704607250571233046375027340103572475701504532524560176725177157322161363775721715
62311416373023222766214647014303330405642367006745330156542554544037542272557671271113414740422026574503077607700326110612037043754012341612567623660130745212502354427522214425533227756533353515616424
75323447373643024425311134373075045365653231604076320461110175672005411543623504240177706722526601177272372477057003240205056400717734303632124554552375035114704535265666110174713735407735116320652143
15715504552652530726505444155134033546300734210640460274020444225623365713602367672731556146211110036541713164762164770033653470777467673612103500530773173147352370163223227245730531633656307642073742
61600264232246302246365110773136346607632510365425630255127560115704627314374370603036101740103147464072617437021673607046043053777120103266212074403557431730720464407054373271167653541741762714576515
02466347653066206235140207254034602225051255473270030246165072705260477623365203437134673177413175143506444317345304512057640632432544437235130647405332575062676511134447402244452353103654131316626712
17447110161207622343520015472701504647305155371453634053007651534231273061640135560772472167412315135022275433266115302356465033543354723466126346066363703136321707431045552431236315712461745360263165
15627652043074606332360223030164135745215001217571632101140343726707536034474057011064442642771463354153760733021007654553555177536377511334227043543010457400037454154501135470633421045075305360313412
01546622004422456000044666435334352211051575030055447614344474737420563451116525423464752257214536160365447031303630416032003200720051273627432353557131753272345462403704350053570651146566720373757035
07756536240342760433506420633637355325275000024445171255273327511362616637021712165224710466221511041013366440373151057047740667450536435521764410521502076021677530677617647275362211643433027445265442
12161631035613445430522273646301501731715533446477253232760031674126425000354441433730722021006414577601641503737013745772361443375760613166137435303737736623354656231206361257230255163145441452621553
67425670600054224147434611414137450071267115141546073747430634633641410556516670043174321465345173412473106674612304575306616063722134433251736426602075442436733206542734416121014305545227221062155513
72325375027753564143721257374123217524106404204717772731176743311134622011465406647404570316120144135331460642227255250553646546727364111075347742100242672642356263432457033273530445663762451533656513
15503165252571577161702265446276210721554567710510744417126077163761714535031614061352004424773471056741134711732505352006306025646176676723621501166633024015747177521240474451561350257025027011360712
15356637277210751060306277216041777225235020127413347650323602471415431177145124055002276602167207005026773672155257216535352772523006425232454324202075745774032547165245365052216601761671043441344414
05031560215740571470526666216130312753027745363774305057353637310676127053713761050643512447630114452667642713725220421706630572402735166332707434330331002742174326614521230272601345656223151663641412
62051513526202677601204656120725236176502507271600407057043514563220703166444147266070013402765335250022173076322514500752035556542135047576722770726427275346477743300005077271713015627343106574260742
67127377630366144127110340065004742536462160076420054265042573203057456065763264222175473072271015576235672433166620213640542535060346245613535110425563473755157551544663135174642104737603030103405014
15715353427626316165757210024762176526526623623542536631275006216333462220505422301712060001656661661153570735034410503436300526064726613072570371210565253127136362250076523312702574145756165756415144
11307171071251752233135260476462422212115313337071050766603254306445272666475550417747050326541175212351673476335542273507556661156424165070401000554426233661466437701360733237254574243510532260637522
00447445553140707431303375236246127040647771310450452506165607442011071252150612024315403514333545213012047244165127135103456342131361602127414036417457713632662720304237077145113417401554423643520512
62754420211647744317745373051151672342074725126710057224542032212040352756426026521457572263372225114651344442445371367237631666670022476230446163341742772063273731505464361113335542164267312041075613
11415705216367207075047250220571477105144666221737560354427164074741037341666241662023024540316704534301314514575621173163445124260044465023015613706725472240570155054373672476406105465205204702604714
66326524247113370505724123640331742024740225571330215427745201534401534644067012612075156670331475715433307405201712034544130735612331055770463653314370243526423405750100526010766770230055166602744712
10001405742673005724504746236634272672516603627154047505576020151154155267160321444227520303624734272530030045056144431306544714526004027044064207344372653310370652010565261241447422543556321353155115
05766164012346225364714306402610346247113370242252344555154253705135352315374067153272506364632534372763336465623141440607705277753763732153127765671735005341714037575023355636261315105025616632400244
12310551405651336215760462652054324435051365713555425032526100364660273031205467706125254632534304476000321055511047103776617145175632327065656226202735534373326060105731356322243676043741161342536465
60355560123553160730652024027240123105251454652261355526520240440272531771577306014746275506730230410505401471562355502134752271340677273303302300070147507077212606677647520707755355143351235371111012
10525510005055225406306624772076740420715530313556161356115475207060617126703114761652652232347761230360065264203071052652506424540340673565257563743436504177042313353573622724211642556145544214745735
11463301534732014527540512117705617031241600256511036613312302217343760217517147641552772307677051013544424636075652421536364643214445015617120267457525603272247464316174031205672620001077325311441712
72277100360471252073422504334716602025440254037557326565727730374500072220563254145757336244141773452465223360143722222637235676761215033050516416173653365213646274725736670155641064760774021642104244
72441463347751270562414770452732606376140643565325451352331067261207406624335612642025545522136245422326216143674330742422654252121465332176421243555433150232017620275726110065676646125765004602124542
67724554217455501264410011001446003241473431234712067650571263127327353370073621753574370101715731507667003141756716516745552742431073027523043641355657141733465360257110066221612000116545306746311355
12100656521212652670137674742356076746160077175066226301205406316443276632473662377737523700307057005312173343410535123422237026147654025314441046362031273141374232037672325031613500464770307730230012
75730205022726116340000626711103337027175761176543025350012560245713723136134431636145412017344650064754475772332405554523771205601511064654562343400436005721205564423053075663463032407427603357746323
02770005545331263351554730270543660346663235567455333301200135525515335036463631555376503706322705624626243051056125352134555646165256133426603062045745733561164215315033652575003674756674646331064312
72442444774773411402402444444414444334442124214470747474740434024324144044442434273347413744411444744224147447342747707304772221147237147744107044774770177402274470742734432114744414742473747777377713
12133300100232031310332233222312333313333133323002010101231303300131133333031303331030101232313332210301012003301330210100232113133013313111103300300121210123130203221331333233221311330311010020020012
