65474476746576746565474465474476746576746565775765654744767465767465654744654744767465767465657757657674656547446547447674657674656547446547447744754476746565474465474476746576746565474465474477447544
70363405005305005370363470363405005305005300330034703634050053050053703634703634050053050053003300340500537036347036340500530500537036347036347557336305005370363470363405005305005370363470363475573363
67271212306512306567271267271212306512306567361365672712123065123065672712672712123065123065673613651230656727126727121230651230656727126727121261601212306567271267271212306512306567271267271212616012
16716564432365432316716516716564432365432311554662167165644323654323167165167165644323654323115546626543231671651671656443236543231671651671656443554565432316716516716564432365432316716516716564435545
07441272773472773007441207441272773472773007420244074412727734727730074412074412727734727730074202447277300744120744127277347277300744120744127207271272773007441207441272773472773007441207441272072712
12373300231200231272303312373300231200231272311313123733002312002312723033123733002312002312723113130023127230331237330023120023127230331237330113002200231272303312373300231200231272303312373301130022
65474465374476746376746565474465374476746365775765654744653744767463767465654744653744767463657757657674637674656547446537447674637674656547447734754476746376746565474465374476746376746565474477347544
70363470363405005345005370363470363405005340330034703634703634050053450053703634703634050053403300340500534500537036347036340500534500537036347557336305005345005370363470363405005345005370363475573363
67270267271212306512306567270267271212306567361365672702672712123065123065672702672712123065673613651230651230656727026727121230651230656727021261601212306512306567270267271212306512306567270212616012
16716516716564432365432316716516716564432311554662167165167165644323654323167165167165644323115546626543236543231671651671656543236543231671656543554565432365432316716516716565432365432316716565435545
07441207441272773472773407441207441272773407420244074412074412727734727734074412074412727734074202447277347277300744120744127277347277300744127207271272773472773007441207441272773472773007441272072712
12303312373300231200231212303312373300231212311313123033123733002312002312123033123733002312123113130023120023127230331230330023120023127230330113002200231200231272303312303300231200231272303301130022
76746565474465374476746576746565474465374477447544767465654744653744767465767465654744653744774475446547447674637674656547446547447674637674656577576565474476746376746565474465474476746376746565775765
05005370363470363405005305005370363470363475573363050053703634703634050053050053703634703634755733637036340500534500537036347036340500534500530033003470363405005345005370363470363405005345005300330034
12306567270267271212306512306567270267271212616012123065672702672712123065123065672702672712126160126727121230651230656727126727121230651230656736136567271212306512306567271267271212306512306567361365
65432316716516716564432365432316716516716564435545654323167165167165644323654323167165167165644355451671656443236543231671651671656443236543231155466216716564432365432316716516716564432365432311554662
72773007441207441272773472773007441207441272072712727730074412074412727734727730074412074412720727120744127277347277300744120744127277347277300742024407441272773472773007441207441272773472773007420244
00231272303312373300231200231272303312373301130022002312723033123733002312002312723033123733011300221237330023120023127230331237330023120023127231131312373300231200231272303312373300231200231272311313
76746376746565474465374476746376746565474477347544767463767465654744653744767463767465654744773475446547446537447674637674656547446537447674636577576565474465374476746376746565474465374476746365775765
05005345005370363470363405005345005370363475573363050053450053703634703634050053450053703634755733637036347036340500534500537036347036340500534033003470363470363405005345005370363470363405005340330034
12306512306567270267271212306512306567270212616012123065123065672702672712123065123065672702126160126727026727121230651230656727026727121230656736136567270267271212306512306567270267271212306567361365
65432365432316716516716564432365432316716565435545654323654323167165167165644323654323167165654355451671651671656543236543231671651671656543231155466216716516716565432365432316716516716565432311554662
72773472773407441207441272773472773407441272072712727734727734074412074412727734727734074412720727120744120744127277347277300744120744127277340742024407441207441272773472773007441207441272773407420244
00231200231212303312373300231200231212303301130022002312002312123033123733002312002312123033011300221230331230330023120023127230331230330023121231131312303312303300231200231272303312303300231212311313
65474476746576746565474465374476746576746565775765654744767465767465654744653744767465767465657757657674656547446547447674637674656547446547447744754476746565474465474476746376746565474465474477447544
70363405005305005370363470363405005305005300330034703634050053050053703634703634050053050053003300340500537036347036340500534500537036347036347557336305005370363470363405005345005370363470363475573363
67271212306512306567270267271212306512306567361365672712123065123065672702672712123065123065673613651230656727126727121230651230656727126727121261601212306567271267271212306512306567271267271212616012
16716564432365432316716516716564432365432311554662167165644323654323167165167165644323654323115546626543231671651671656443236543231671651671656443554565432316716516716564432365432316716516716564435545
07441272773472773007441207441272773472773007420244074412727734727730074412074412727734727730074202447277300744120744127277347277300744120744127207271272773007441207441272773472773007441207441272072712
12373300231200231272303312373300231200231272311313123733002312002312723033123733002312002312723113130023127230331237330023120023127230331237330113002200231272303312373300231200231272303312373301130022
65474465374476746376746565474465374476746365775765654744653744767463767465654744653744767463657757657674637674656547446537447674637674656547447734754476746376746565474465374476746376746565474477347544
70363470363405005345005370363470363405005340330034703634703634050053450053703634703634050053403300340500534500537036347036340500534500537036347557336305005345005370363470363405005345005370363475573363
67270267271212306512306567270267271212306567361365672702672712123065123065672702672712123065673613651230651230656727026727121230651230656727021261601212306512306567270267271212306512306567270212616012
16716516716564432365432316716516716564432311554662167165167165644323654323167165167165644323115546626543236543231671651671656543236543231671656543554565432365432316716516716565432365432316716565435545
07441207441272773472773407441207441272773407420244074412074412727734727734074412074412727734074202447277347277300744120744127277347277300744127207271272773472773007441207441272773472773007441272072712
12303312373300231200231212303312373300231212311313123033123733002312002312123033123733002312123113130023120023127230331230330023120023127230330113002200231200231272303312303300231200231272303301130022
76746565474465374476746576746565474465374477447544767465654744653744767465767465654744653744774475446547447674637674656547446547447674637674656577576565474476746376746565474465474476746376746565775765
05005370363470363405005305005370363470363475573363050053703634703634050053050053703634703634755733637036340500534500537036347036340500534500530033003470363405005345005370363470363405005345005300330034
12306567270267271212306512306567270267271212616012123065672702672712123065123065672702672712126160126727121230651230656727126727121230651230656736136567271212306512306567271267271212306512306567361365
65432316716516716564432365432316716516716564435545654323167165167165644323654323167165167165644355451671656443236543231671651671656443236543231155466216716564432365432316716516716564432365432311554662
72773007441207441272773472773007441207441272072712727730074412074412727734727730074412074412720727120744127277347277300744120744127277347277300742024407441272773472773007441207441272773472773007420244
00231272303312373300231200231272303312373301130022002312723033123733002312002312723033123733011300221237330023120023127230331237330023120023127231131312373300231200231272303312373300231200231272311313
66476375745475745466376566476375745475745476376465664763757454757454663765664763757454757454763764657574546637656647637574547574546637656647636564474475745466376566476375745475745466376566476365644744
60303445646305646360303460303445646305646360050063603034456463056463603034603034456463056463600500630564636030346030344564630564636030346030344530535405646360303460303445646305646360303460303445305354
10715462201262200210715410715462201262200212426065107154622012622002107154107154622012622002124260656220021071541071546220126220021071541071546526721262200210715410715462201262200210715410715465267212
16426262703462703416426216426262703462703416614135164262627034627034164262164262627034627034166141356270341642621642626270346270341642621642620217576262703416426216426262703462703416426216426202175762
62703505415405415462703562703505415405415412472363627035054154054154627035627035054154054154124723630541546270356270350541540541546270356270356506521205415462703562703505415405415462703562703565065212
02506565273265273202506502506565273265273266717662025065652732652732025065025065652732652732667176626527320250650250656527326527320250650250650522631564273202506502506565273265273202506502506505226315
17414372771472771417414317414372771472771412412440174143727714727714174143174143727714727714124124447277141741431741437277147277141741431741437774373272771417414317414372771472771417414317414377743732
12303301031201031212303312303301031201031210333213723033010312010312123033123033010312010312103332130103121230331230330103120103121230331230330220072201031212303312303301031201031212303312303302200022
65474476746576746565474465474476746576746565775763767465654744654744767465767465654744654744774475447674656547446547447674657674656547446547447744754465374476746576746565474465474476746576746565775765
70363405005305005370363470363405005305005300330034450053703634703634050053050053703634703634755733630500537036347036340500530500537036347036347557336370363405005305005370363470363405005305005300330034
67271212306512306567271267271212306512306567361365123065672712672712123065123065672712672712126160121230656727126727121230651230656727126727121261600267271212306512306567271267271212306512306567361365
16716564432365432316716516716564432365432311554662654323167165167165644323654323167165167165644355456543231671651671656443236543231671651671656443554516716564432365432316716516716564432365432311554662
07441272773472773007441207441272773472773007420244727730074412074412727734727730074412074412720727127277300744120744127277347277300744120744127207271207441272773472773007441207441272773472773007420244
12373300231200231272303312373300231200231272311313002312723033123733002312002312723033123733011300220023127230331237330023120023127230331237330113002212373300231200231272303312373300231200231272311313
65474465374476746376746565474465374476746365775765767463767465654744653744767463767465654744773475447674637674656547446537447674637674656547447734754465474465374476746376746565474465374476746365775765
70363470363405005345005370363470363405005340330034050053450053703634703634050053450053703634755733630500534500537036347036340500534500537036347557336370363470363405005345005370363470363405005340330034
67270267271212306512306567270267271212306567361365123065123065672702672712123065123065672702126160121230651230656727026727121230651230656727021261601267270267271212306512306567270267271212306567361365
16716516716564432365432316716516716564432311554662654323654323167165167165654323654323167165654355456543236543231671651671656543236543231671656543554516716516716564432365432316716516716564432311554662
07441207441272773472773407441207441272773407420244727734727730074412074412727734727730074412720727127277347277300744120744127277347277300744127207271207441207441272773472773407441207441272773407420244
12303312373300231200231212303312373300231212311313002312002312723033123033002312002312723033011300220023120023127230331230330023120023127230330113002212303312373300231200231212303312373300231212311313
76746565474465374476746576746565474465374477447544654744767463767465654744654744767463767465657757656547447674637674656547446547447674637674656577576576746565474465374476746576746565474465374477447544
05005370363470363405005305005370363470363475573363703634050053450053703634703634050053450053003300347036340500534500537036347036340500534500530033003405005370363470363405005305005370363470363475573363
12306567270267271212306512306567270267271212616012672712123065123065672712672712123065123065673613656727121230651230656727126727121230651230656736136512306567270267271212306512306567270267271212616012
65432316716516716564432365432316716516716564435545167165644323654323167165167165644323654323115546621671656443236543231671651671656443236543231155466265432316716516716564432365432316716516716564435545
72773007441207441272773472773007441207441272072712074412727734727730074412074412727734727730074202440744127277347277300744120744127277347277300742024472773007441207441272773472773007441207441272072712
00231272303312373300231200231272303312373301130022123733002312002312723033123733002312002312723113131237330023120023127230331237330023120023127231131300231272303312373300231200231272303312373301130022
76746376746565474465374476746376746565474477347544654744653744767463767465654744653744767463657757656547446537447674637674656547446537447674636577576576746376746565474465374476746376746565474477347544
05005345005370363470363405005345005370363475573363703634703634050053450053703634703634050053403300347036347036340500534500537036347036340500534033003405005345005370363470363405005345005370363475573363
12306512306567270267271212306512306567270212616012672702672712123065123065672702672712123065673613656727026727121230651230656727026727121230656736136512306512306567270267271212306512306567270212616012
65432365432316716516716564432365432316716565435545167165167165654323654323167165167165654323115546621671651671656543236543231671651671656543231155466265432365432316716516716564432365432316716565435545
72773472773407441207441272773472773407441272072712074412074412727734727730074412074412727734074202440744120744127277347277300744120744127277340742024472773472773407441207441272773472773407441272072712
00231200231212303312373300231200231212303301130022123033123033002312002312723033123033002312123113131230331230330023120023127230331230330023121231131300231200231212303312373300231200231212303301130022
65474476746576746565474465374476746576746565775765767465654744654744767463767465654744654744774475447674656547446547447674637674656547446547447744754465474476746576746565474465374476746576746565775765
70363405005305005370363470363405005305005300330034050053703634703634050053450053703634703634755733630500537036347036340500534500537036347036347557336370363405005305005370363470363405005305005300330034
67271212306512306567270267271212306512306567361365123065672712672712123065123065672712672712126160121230656727126727121230651230656727126727121261601267271212306512306567270267271212306512306567361365
16716564432365432316716516716564432365432311554662654323167165167165644323654323167165167165644355456543231671651671656443236543231671651671656443554516716564432365432316716516716564432365432311554662
07441272773472773007441207441272773472773007420244727730074412074412727734727730074412074412720727127277300744120744127277347277300744120744127207271207441272773472773007441207441272773472773007420244
12373300231200231272303312373300231200231272311313002312723033123733002312002312723033123733011300220023127230331237330023120023127230331237330113002212373300231200231272303312373300231200231272311313
65474465374476746376746565474465374476746365775765767463767465654744653744767463767465654744773475447674637674656547446537447674637674656547447734754465474465374476746376746565474465374476746365775765
70363470363405005345005370363470363405005340330034050053450053703634703634050053450053703634755733630500534500537036347036340500534500537036347557336370363470363405005345005370363470363405005340330034
67270267271212306512306567270267271212306567361365123065123065672702672712123065123065672702126160121230651230656727026727121230651230656727021261601267270267271212306512306567270267271212306567361365
16716516716564432365432316716516716564432311554662654323654323167165167165654323654323167165654355456543236543231671651671656543236543231671656543554516716516716564432365432316716516716564432311554662
07441207441272773472773407441207441272773407420244727734727730074412074412727734727730074412720727127277347277300744120744127277347277300744127207271207441207441272773472773407441207441272773407420244
12303312373300231200231212303312373300231212311313002312002312723033123033002312002312723033011300220023120023127230331230330023120023127230330113002212303312373300231200231212303312373300231212311313
76746565474465374476746576746565474465374477447544654744767463767465654744654744767463767465657757656547447674637674656547446547447674637674656577576576746565474465374476746576746565474465374477447544
05005370363470363405005305005370363470363475573363703634050053450053703634703634050053450053003300347036340500534500537036347036340500534500530033003405005370363470363405005305005370363470363475573363
12306567270267271212306512306567270267271212616012672712123065123065672712672712123065123065673613656727121230651230656727126727121230651230656736136512306567270267271212306512306567270267271212616012
65432316716516716564432365432316716516716564435545167165644323654323167165167165644323654323115546621671656443236543231671651671656443236543231155466265432316716516716564432365432316716516716564435545
72773007441207441272773472773007441207441272072712074412727734727730074412074412727734727730074202440744127277347277300744120744127277347277300742024472773007441207441272773472773007441207441272072712
00231272303312373300231200231272303312373301130022123733002312002312723033123733002312002312723113131237330023120023127230331237330023120023127231131300231272303312373300231200231272303312373301130022
66476375745475745466376566476375745475745476376465757454663765664763757454757454663765664763656447447574546637656647637574547574546637656647636564474466476375745475745466376566476375745475745476376465
60303445646305646360303460303445646305646360050063056463603034603034456463056463603034603034453053540564636030346030344564630564636030346030344530535460303445646305646360303460303445646305646360050063
10715462201262200210715410715462201262200212426065622002107154107154622012622002107154107154652672126220021071541071546220126220021071541071546526721210715462201262200210715410715462201262200212426065
16426262703462703416426216426262703462703416614135627034164262164262627034627034164262164262021757626270341642621642626270346270341642621642620217576216426262703462703416426216426262703462703416614135
62703505415405415462703562703505415405415412472363054154627035627035054154054154627035627035650652120541546270356270350541540541546270356270356506521262703505415405415462703562703505415405415412472363
02506565273265273202506502506565273265273266717662652732025065025065652732652732025065025065052263156427320250650250656527326527320250650250650522631502506565273265273202506502506565273265273266717662
17414372771472771417414317414372771472771412412444727714174143174143727714727714174143174143777437327277141741431741437277147277141741431741437774373217414372771472771417414317414372771472771412412444
12303301031201031212303312303301031201031210333213010312123033123033010312010312123033123033022007220103121230331230330103120103121230331230330220002212303301031201031212303312303301031201031210333213
76746565474465474476746576746565474465474477447544767465654744654744767465767465654744654744774475446537447674657674656547446547447674657674656577576565474476746576746565474465474476746576746565775765
05005370363470363405005305005370363470363475573363050053703634703634050053050053703634703634755733637036340500530500537036347036340500530500530033003470363405005305005370363470363405005305005300330034
12306567271267271212306512306567271267271212616012123065672712672712123065123065672712672712126160026727121230651230656727126727121230651230656736136567271212306512306567271267271212306512306567361365
65432316716516716564432365432316716516716564435545654323167165167165644323654323167165167165644355451671656443236543231671651671656443236543231155466216716564432365432316716516716564432365432311554662
72773007441207441272773472773007441207441272072712727730074412074412727734727730074412074412720727120744127277347277300744120744127277347277300742024407441272773472773007441207441272773472773007420244
00231272303312373300231200231272303312373301130022002312723033123733002312002312723033123733011300221237330023120023127230331237330023120023127231131312373300231200231272303312373300231200231272311313
76746376746565474465374476746376746565474477347544767463767465654744653744767463767465654744773475446547446537447674637674656547446537447674636577576565474465374476746376746565474465374476746365775765
05005345005370363470363405005345005370363475573363050053450053703634703634050053450053703634755733637036347036340500534500537036347036340500534033003470363470363405005345005370363470363405005340330034
12306512306567270267271212306512306567270212616012123065123065672702672712123065123065672702126160126727026727121230651230656727026727121230656736136567270267271212306512306567270267271212306567361365
65432365432316716516716565432365432316716565435545654323654323167165167165654323654323167165654355451671651671656443236543231671651671656443231155466216716516716564432365432316716516716564432311554662
72773472773007441207441272773472773007441272072712727734727730074412074412727734727730074412720727120744120744127277347277340744120744127277340742024407441207441272773472773407441207441272773407420244
00231200231272303312303300231200231272303301130022002312002312723033123033002312002312723033011300221230331237330023120023121230331237330023121231131312303312373300231200231212303312373300231212311313
65474476746376746565474465474476746376746565775765654744767463767465654744654744767463767465657757657674656547446537447674657674656547446537447744754476746565474465374476746576746565474465374477447544
70363405005345005370363470363405005345005300330034703634050053450053703634703634050053450053003300340500537036347036340500530500537036347036347557336305005370363470363405005305005370363470363475573363
67271212306512306567271267271212306512306567361365672712123065123065672712672712123065123065673613651230656727026727121230651230656727026727121261601212306567270267271212306512306567270267271212616012
16716564432365432316716516716564432365432311554662167165644323654323167165167165644323654323115546626543231671651671656443236543231671651671656443554565432316716516716564432365432316716516716564435545
07441272773472773007441207441272773472773007420244074412727734727730074412074412727734727730074202447277300744120744127277347277300744120744127207271272773007441207441272773472773007441207441272072712
12373300231200231272303312373300231200231272311313123733002312002312723033123733002312002312723113130023127230331237330023120023127230331237330113002200231272303312373300231200231272303312373301130022
65474465374476746376746565474465374476746365775765654744653744767463767465654744653744767463657757657674637674656547446537447674637674656547447734754476746376746565474465374476746376746565474477347544
70363470363405005345005370363470363405005340330034703634703634050053450053703634703634050053403300340500534500537036347036340500534500537036347557336305005345005370363470363405005345005370363475573363
67270267271212306512306567270267271212306567361365672702672712123065123065672702672712123065673613651230651230656727026727121230651230656727021261601212306512306567270267271212306512306567270212616012
16716516716565432365432316716516716565432311554662167165167165654323654323167165167165654323115546626543236543231671651671656443236543231671656543554565432365432316716516716564432365432316716565435545
07441207441272773472773007441207441272773407420244074412074412727734727730074412074412727734074202447277347277340744120744127277347277340744127207271272773472773407441207441272773472773407441272072712
12303312303300231200231272303312303300231212311313123033123033002312002312723033123033002312123113130023120023121230331237330023120023121230330113002200231200231212303312373300231200231212303301130022
76746565474465474476746376746565474465474477447544767465654744654744767463767465654744654744774475446547447674657674656547446537447674657674656577576565474476746576746565474465374476746576746565775765
05005370363470363405005345005370363470363475573363050053703634703634050053450053703634703634755733637036340500530500537036347036340500530500530033003470363405005305005370363470363405005305005300330034
12306567271267271212306512306567271267271212616012123065672712672712123065123065672712672712126160126727121230651230656727026727121230651230656736136567271212306512306567270267271212306512306567361365
65432316716516716564432365432316716516716564435545654323167165167165644323654323167165167165644355451671656443236543231671651671656443236543231155466216716564432365432316716516716564432365432311554662
72773007441207441272773472773007441207441272072712727730074412074412727734727730074412074412720727120744127277347277300744120744127277347277300742024407441272773472773007441207441272773472773007420244
00231272303312373300231200231272303312373301130022002312723033123733002312002312723033123733011300221237330023120023127230331237330023120023127231131312373300231200231272303312373300231200231272311313
76746376746565474465374476746376746565474477347544767463767465654744653744767463767465654744773475446547446537447674637674656547446537447674636577576565474465374476746376746565474465374476746365775765
05005345005370363470363405005345005370363475573363050053450053703634703634050053450053703634755733637036347036340500534500537036347036340500534033003470363470363405005345005370363470363405005340330034
12306512306567270267271212306512306567270212616012123065123065672702672712123065123065672702126160126727026727121230651230656727026727121230656736136567270267271212306512306567270267271212306567361365
65432365432316716516716565432365432316716565435545654323654323167165167165654323654323167165654355451671651671656443236543231671651671656443231155466216716516716564432365432316716516716564432311554662
72773472773007441207441272773472773007441272072712727734727730074412074412727734727730074412720727120744120744127277347277340744120744127277340742024407441207441272773472773407441207441272773407420244
00231200231272303312303300231200231272303301130022002312002312723033123033002312002312723033011300221230331237330023120023121230331237330023121231131312303312373300231200231212303312373300231212311313
65474476746376746565474465474476746376746565775765654744767463767465654744654744767463767465657757657674656547446537447674657674656547446537447744754476746565474465374476746576746565474465374477447544
70363405005345005370363470363405005345005300330034703634050053450053703634703634050053450053003300340500537036347036340500530500537036347036347557336305005370363470363405005305005370363470363475573363
67271212306512306567271267271212306512306567361365672712123065123065672712672712123065123065673613651230656727026727121230651230656727026727121261601212306567270267271212306512306567270267271212616012
16716564432365432316716516716564432365432311554662167165644323654323167165167165644323654323115546626543231671651671656443236543231671651671656443554565432316716516716564432365432316716516716564435545
07441272773472773007441207441272773472773007420244074412727734727730074412074412727734727730074202447277300744120744127277347277300744120744127207271272773007441207441272773472773007441207441272072712
12373300231200231272303312373300231200231272311313123733002312002312723033123733002312002312723113130023127230331237330023120023127230331237330113002200231272303312373300231200231272303312373301130022
75745466376566476375745475745466376566476365644744757454663765664763757454757454663765664763656447446647637574547574546637656647637574547574547637646566476375745475745466376566476375745475745476376465
05646360303460303445646305646360303460303445305354056463603034603034456463056463603034603034453053546030344564630564636030346030344564630564636005006360303445646305646360303460303445646305646360050063
62200210715410715462201262200210715410715465267212622002107154107154622012622002107154107154652672121071546220126220021071541071546220126220021242606510715462201262200210715410715462201262200212426065
62703416426216426262703462703416426216426202175762627034164262164262627034627034164262164262021757621642626270346270341642621642626270346270341661413516426262703462703416426216426262703462703416614135
05415462703562703505415405415462703562703565065212054154627035627035054154054154627035627035650652126270350541540541546270356270350541540541541247236362703505415405415462703562703505415405415412472363
65273202506502506565273265273202506502506505226315642732025065025065652732652732025065025065052263150250656527326527320250650250656527326527326671766202506565273265273202506502506565273265273266717662
72771417414317414372771472771417414317414377743732727714174143174143727714727714174143174143777437321741437277147277141741431741437277147277141241244017414372771472771417414317414372771472771412412444
01031212303312303301031201031212303312303302200722010312123033123033010312010312123033123033022000221230330103120103121230331230330103120103121033321372303301031201031212303312303301031201031210333213
76746565474465474476746576746565474465474477447544653744767465767465654744654744767465767465657757656547447674657674656547446547447674657674656577576376746565474465474476746576746565474465474477447544
05005370363470363405005305005370363470363475573363703634050053050053703634703634050053050053003300347036340500530500537036347036340500530500530033003445005370363470363405005305005370363470363475573363
12306567271267271212306512306567271267271212616002672712123065123065672712672712123065123065673613656727121230651230656727126727121230651230656736136512306567271267271212306512306567271267271212616012
65432316716516716564432365432316716516716564435545167165644323654323167165167165644323654323115546621671656443236543231671651671656443236543231155466265432316716516716564432365432316716516716564435545
72773007441207441272773472773007441207441272072712074412727734727730074412074412727734727730074202440744127277347277300744120744127277347277300742024472773007441207441272773472773007441207441272072712
00231272303312373300231200231272303312373301130022123733002312002312723033123733002312002312723113131237330023120023127230331237330023120023127231131300231272303312373300231200231272303312373301130022
76746376746565474465374476746376746565474477347544654744653744767463767465654744653744767463657757656547446537447674637674656547446537447674636577576576746376746565474465374476746376746565474477347544
05005345005370363470363405005345005370363475573363703634703634050053450053703634703634050053403300347036347036340500534500537036347036340500534033003405005345005370363470363405005345005370363475573363
12306512306567270267271212306512306567270212616012672702672712123065123065672702672712123065673613656727026727121230651230656727026727121230656736136512306512306567270267271212306512306567270212616012
65432365432316716516716565432365432316716565435545167165167165644323654323167165167165644323115546621671651671656443236543231671651671656443231155466265432365432316716516716565432365432316716565435545
72773472773007441207441272773472773007441272072712074412074412727734727734074412074412727734074202440744120744127277347277340744120744127277340742024472773472773007441207441272773472773007441272072712
00231200231272303312303300231200231272303301130022123033123733002312002312123033123733002312123113131230331237330023120023121230331237330023121231131300231200231272303312303300231200231272303301130022
65474476746376746565474465474476746376746565775765767465654744653744767465767465654744653744774475447674656547446537447674657674656547446537447744754465474476746376746565474465474476746376746565775765
70363405005345005370363470363405005345005300330034050053703634703634050053050053703634703634755733630500537036347036340500530500537036347036347557336370363405005345005370363470363405005345005300330034
67271212306512306567271267271212306512306567361365123065672702672712123065123065672702672712126160121230656727026727121230651230656727026727121261601267271212306512306567271267271212306512306567361365
16716564432365432316716516716564432365432311554662654323167165167165644323654323167165167165644355456543231671651671656443236543231671651671656443554516716564432365432316716516716564432365432311554662
07441272773472773007441207441272773472773007420244727730074412074412727734727730074412074412720727127277300744120744127277347277300744120744127207271207441272773472773007441207441272773472773007420244
12373300231200231272303312373300231200231272311313002312723033123733002312002312723033123733011300220023127230331237330023120023127230331237330113002212373300231200231272303312373300231200231272311313
65474465374476746376746565474465374476746365775765767463767465654744653744767463767465654744773475447674637674656547446537447674637674656547447734754465474465374476746376746565474465374476746365775765
70363470363405005345005370363470363405005340330034050053450053703634703634050053450053703634755733630500534500537036347036340500534500537036347557336370363470363405005345005370363470363405005340330034
67270267271212306512306567270267271212306567361365123065123065672702672712123065123065672702126160121230651230656727026727121230651230656727021261601267270267271212306512306567270267271212306567361365
16716516716565432365432316716516716565432311554662654323654323167165167165644323654323167165654355456543236543231671651671656443236543231671656543554516716516716565432365432316716516716565432311554662
07441207441272773472773007441207441272773407420244727734727734074412074412727734727734074412720727127277347277340744120744127277347277340744127207271207441207441272773472773007441207441272773407420244
12303312303300231200231272303312303300231212311313002312002312123033123733002312002312123033011300220023120023121230331237330023120023121230330113002212303312303300231200231272303312303300231212311313
76746565474465474476746376746565474465474477447544654744767465767465654744653744767465767465657757656547447674657674656547446537447674657674656577576576746565474465474476746376746565474465474477447544
05005370363470363405005345005370363470363475573363703634050053050053703634703634050053050053003300347036340500530500537036347036340500530500530033003405005370363470363405005345005370363470363475573363
12306567271267271212306512306567271267271212616012672712123065123065672702672712123065123065673613656727121230651230656727026727121230651230656736136512306567271267271212306512306567271267271212616012
65432316716516716564432365432316716516716564435545167165644323654323167165167165644323654323115546621671656443236543231671651671656443236543231155466265432316716516716564432365432316716516716564435545
72773007441207441272773472773007441207441272072712074412727734727730074412074412727734727730074202440744127277347277300744120744127277347277300742024472773007441207441272773472773007441207441272072712
00231272303312373300231200231272303312373301130022123733002312002312723033123733002312002312723113131237330023120023127230331237330023120023127231131300231272303312373300231200231272303312373301130022
76746376746565474465374476746376746565474477347544654744653744767463767465654744653744767463657757656547446537447674637674656547446537447674636577576576746376746565474465374476746376746565474477347544
05005345005370363470363405005345005370363475573363703634703634050053450053703634703634050053403300347036347036340500534500537036347036340500534033003405005345005370363470363405005345005370363475573363
12306512306567270267271212306512306567270212616012672702672712123065123065672702672712123065673613656727026727121230651230656727026727121230656736136512306512306567270267271212306512306567270212616012
65432365432316716516716565432365432316716565435545167165167165644323654323167165167165644323115546621671651671656443236543231671651671656443231155466265432365432316716516716565432365432316716565435545
72773472773007441207441272773472773007441272072712074412074412727734727734074412074412727734074202440744120744127277347277340744120744127277340742024472773472773007441207441272773472773007441272072712
00231200231272303312303300231200231272303301130022123033123733002312002312123033123733002312123113131230331237330023120023121230331237330023121231131300231200231272303312303300231200231272303301130022
65474476746376746565474465474476746376746565775765767465654744653744767465767465654744653744774475447674656547446537447674657674656547446537447744754465474476746376746565474465474476746376746565775765
70363405005345005370363470363405005345005300330034050053703634703634050053050053703634703634755733630500537036347036340500530500537036347036347557336370363405005345005370363470363405005345005300330034
67271212306512306567271267271212306512306567361365123065672702672712123065123065672702672712126160121230656727026727121230651230656727026727121261601267271212306512306567271267271212306512306567361365
16716564432365432316716516716564432365432311554662654323167165167165644323654323167165167165644355456543231671651671656443236543231671651671656443554516716564432365432316716516716564432365432311554662
07441272773472773007441207441272773472773007420244727730074412074412727734727730074412074412720727127277300744120744127277347277300744120744127207271207441272773472773007441207441272773472773007420244
12373300231200231272303312373300231200231272311313002312723033123733002312002312723033123733011300220023127230331237330023120023127230331237330113002212373300231200231272303312373300231200231272311313
75745466376566476375745475745466376566476365644744664763757454757454663765664763757454757454763764656647637574547574546637656647637574547574547637646575745466376566476375745475745466376566476365644744
05646360303460303445646305646360303460303445305354603034456463056463603034603034456463056463600500636030344564630564636030346030344564630564636005006305646360303460303445646305646360303460303445305354
62200210715410715462201262200210715410715465267212107154622012622002107154107154622012622002124260651071546220126220021071541071546220126220021242606562200210715410715462201262200210715410715465267212
62703416426216426262703462703416426216426202175762164262627034627034164262164262627034627034166141351642626270346270341642621642626270346270341661413562703416426216426262703462703416426216426202175762
05415462703562703505415405415462703562703565065212627035054154054154627035627035054154054154124723636270350541540541546270356270350541540541541247236305415462703562703505415405415462703562703565065212
65273202506502506565273265273202506502506505226315025065652732652732025065025065652732652732667176620250656527326527320250650250656527326527326671766265273202506502506565273265273202506502506505226315
72771417414317414372771472771417414317414377743732174143727714727714174143174143727714727714124124441741437277147277141741431741437277147277141241244472771417414317414372771472771417414317414377743732
01031212303312303301031201031212303312303302200022123033010312010312123033123033010312010312103332131230330103120103121230331230330103120103121033321301031212303312303301031201031212303312303302200022
