67444577447755775555677666774465757474677475575765
75373035603470300630063063350507760353064063663034
16542522742233220040245061151206267211175170632125
65317524666671572741406230705632205414707234713532
05502161260213736571243343476003774155245345460463
67612501004056322627443150342145150541234167653513
62170713153540103746517326044622257771357044253713
01104450207707677502500416623350233064022623677712
05766262376116105577413754407155734673766611607522
62300051106412062755412475612360160065145035067762
00315047163036623475711512015020274263101762632055
15733652372732431654010050545634743153552651551263
07145001574147455521534503736567212641402401267644
02167602714156226636133553051272352355320263442125
12461052242365456430136732723463721561642236424214
75323257660311735763304352377317327374063360642753
10633225451535775076420517420774767227241371666315
76376521176535240264672076345724272477621235410313
10632161233623332550115601012747324706471173017764
71416034755301047775330216647434161764335702734612
12437406377376540364157756135151376535414725636315
62130400246401211441611402441630435620320235516743
05435234456626462030013723766061616366601474762032
75743714510433170556047647041262727356017752127524
02275222763704657727733657576601237611632521245764
75167214612410147222511153123526345221505255672312
05030372443214374352422463030704427056610671753714
67334574145551507440074671657750002256145244150732
65603216021160637211663434123241564411041141237554
15166730406532413064050312042355573227325040450163
60245652443117643633666737451047114545345753315335
62021113007372642565223560245402544204566040255014
07427575650401016612507121673222157602205621055362
75352050722534004125116664705730571772610104071552
01717651076623504544226103776177303651264314637013
66701277235110527700126537754263114651677672050262
12137055773110776206067157220542462233310500267444
06432365032115554643242351644070366010517454235713
62776563673651153301317312547763054267024746517114
72612430233143637310754416377056120016425425236363
10125550516442604042567305002120442421370707024042
12350501415746402231404274343355746405600644607744
06405535735015160016644333535247111743614634116712
12633150721107055626547370712653313150230770533462
72435557325643001654350573755206631141676565037643
75151501264143202467177213622004775333335237025144
12036025207015524562407255331302730061044326547113
65355652324163613556462265750557176661373106622565
10730077247344214717473307217033244447274743473013
00331031001300202220013020203002321130313130310033
