65445476475555765764465774657447544544644775557545
76330766033503330365033300055673676736330330035063
05422224135077376227051312405672222721761633325062
67041263662201602646327462304650540174562430104025
77070140400014074501051017656262060476621004666445
17002644344704370667441034411650250034161153034222
65325411710425262464271653413525723630350556773123
05336741354354257216012462010477751354640513435614
65343406400262123766077310735560420155213774670715
05217725255337216341463761617673261740252110126015
77041160070011051457314330223614064404330777215732
65423475255704151740554534661613145406606004065764
77161233032222347026305121346535147060110752071515
05005465066717424240540631633503266002311437356564
16744136002452542153550403117603051055642564220262
66307425263145602255352733333500001505510532725565
17725712612426343307706706165753230302074311330315
65001651436607515722054216546335424306446644446363
12364753104402712052101402321610313544251141343143
65405735720775030240776437174725005720177607247045
12526377225226775023554137475005242340324467161264
07565245616740327062761472312545643613464331105462
16173131136027453062325617063274163157376033023515
05341077310525472443164247274670441510654767374715
05347501054026014405341612673027021203217021763622
75570313677451671457101772237774650316445177311762
02065215734213560157405606034366673013312743567455
70145024572616411535022542747460266636043267121513
15503632714017643511571575416347650726130125203764
76175072266135443271216522214123210540001775577265
62600530125563106114427020544707351271070562724415
12427330034503404411302476437025356473161437422164
67455066343055445507137354110744660113177327145253
12411663156661012006447753712624427513317443545545
71436510361670775136433266131214517406244361006215
71601237321531534127473230155447512144253466720062
75677533175377421650662641333514421516646324327543
75232054303264442733255254672253223024651247626714
62632477776315775515315352356732477362715124322315
72710574226530011651261657237371331272312565764424
05257717620765423067020771076601154514464111375632
17310114444056166402056714024040110775256434224115
70403474262241663325267672277435735220731177260015
62245445025673413715320765772062712663766421442034
16016044644647671261136246137560154170567157241743
17357153104312157562103260643204221073263113714015
66423161266063243025174663405637205332555376120763
62357666066666436243622631652666060360650551430365
17410044203427727271742134140144031404437777731314
10302230113100101002002301001201030123002022010323
