75556475777775776465456767474757774767475767464745
00030773600500035057005060307406505060403030603034
72705661232254641141502676020252212145755136774762
12416332155733673317622236763437433305020607577022
67430005762756213054457130370776411403550423164764
72153725064302746161673623515027443164170533267662
15441241536672417632033273236676601236207775210355
17027262666125620564630350662453770611010705514563
62772425133153052364013511416063700236174445252563
07072723167467257374030323445242177741161455662354
15673747522204226271763751213016403712111506515713
02255136723715455147417307266144542474206034177342
02350304616744215033501375352131136433544347737154
17760653653342442167435001647426522135427441654165
11066260351574022054620744437302300114752052543015
12455416473505601161154225677043513504502145650055
12543124266066076261311706076243114574453515052263
12572417610302137031607560737507130250272422573433
15320040777603167150004202524654412460244157432014
65716066374660215672407646636177135073311546067244
62320263423174013743622243642375520674506617047165
77123616637616165755234372453014020240110451755012
10742126042254222570751453160237051050467411165763
76520263155566035321055547547550203145453722533515
02606241052224426125401057216063473033555235101734
72662035555415744450255402402242434001570353250165
12442322612111752722256742656746136335455736623325
72660124434637341216531052523361640416161732630043
12614776661703774351710476776306312620545731072263
71466325030214455130761054427427171241677762362463
12456270551740551742214762414402074215701264053015
12001542611556075147434642472157431602146107750134
10445012547513322174125447214740670437710700701465
11530344105366461772762770411412063660224464455062
02767303315144062716631651744216073621776222350063
06370570403714607732701777200032003446225730006565
07205075677410124104300746770060643402245311600535
72652061065155376323145444150526534004475332470763
12125043566031047466743650311504456624065166135265
12007144030453650164252026526135541202047522123654
12634473723411146261400552156125010704264717630363
62333107674071046240325716105746372335207222524264
77330053570642622535544211062340673735720553476235
65413563354755356324652222377305770130157566620515
12304237260257067742022076346473157667223323213364
05536131247731272672056424533362232274753007514562
65100352161656626741151652707531556317150553472215
65330335515315663365311175630010515427246366336715
77721004724734374317774272742274417044744427411742
01012302332321231030312131130323022222310021103332
