75657445754775667764756674467445756775567475767765
00056004300530033600300550054007000340033404030065
62235420472673541560214011401042557374041442146323
72051016005562652253524530474055421104441014745763
15045404130310527150134016401740335734500471147334
12050747435306460225604530572471457330050607721765
62345021350224052420164013413640040504420434072145
05715705001500440035404037772731007465041777373663
15651074353034375443104140707510044071171030263462
02161245005340054040204074327602774500467453647065
62044022554304331050400441733355601734014372333263
16520040600567400040044474731363134704637735713363
15307024040010004004460173457375632345671377637663
00602444004004440444045011761371035140303732703265
62054552106445054404404372457333706005444067165163
02156071745652170550247214737073105042776233373263
15740452412043324071401174732373403757427736337663
12611411344070410440043240736416734070772727323265
62652704432540414054047747737323502407427637075163
02050540004015400707104702664016415460345471662663
15055400405040060460107742273022042513436702534234
12620050464007040351404474347544000771007227676765
62661045401604407470317743173221344547025673261252
72251651170543243211064440347404515723424372663465
15611406217004071740437607674310104052344233676232
12626010153404007475740524776002504371447176236765
62065020653406134502201371040277400534010723633412
72250633050004106430644044243740475430742634774565
15726414030440034003404377447332240037071373266262
12525252055024500440440147777303745704527442610565
62364022200140034044604737024773600174432742204514
05255555055004404450443064373641453274723207252565
15110111100145546045506324304437042147747623252562
72555260254054154602550246737402044076302062300565
62121111410400411050716431372413407704602541405515
15050654241564055150420446474240704176335313452365
15151515115430652551454015421047417730667210755125
02511555056010451267631642747271572365304021401065
62612151135141416671666047202117035523254051454463
15117653025125666216101250702456525535411555145565
15662611541015547362206061066616173150201016511513
02522015103054617622733071303422336220044250007265
62766207015662123277730360436434321017544052445452
15622265071547774333474245327740070441160441441065
15623627125601764776722073046010644465111567141553
72163326226272247227230677423161413106375201660265
62033103227673737370372473772335000445430703404214
76777533063143757323764033751136033756622374363265
17447774237434747474247434747404341441447744174412
12322322133303232323230303232303031313013320330033
