7677577577757674557666747455777576747777757577777677747674746777757674777575757475777766774477657754
0500070403000600000004050000045404030004000005060464075407040007006360040403040300030407530055566365
1213454477242514576343105024444124101346402074141414121117402324746012624044201047471366110621011512
7216510017446310517730727731170760437430330463047454035747673772035403104540774033475633300054246065
1241606444014420736777337371075047777363733334220701004004577232740350474000304041060746013405415352
1014465252460406027347773273453104425577030603044444450403474772320446700750434050424537342340766763
1245110521035727373353647730130246416020773707354311042045473237743210530040400641463404014050027512
1155055604007057643602734027554041600637400737717002005140074755371007304340504040250423705001474765
0241270747203342372736305330417041143773373347070740404000446737303060444006514007450040064047343662
1550224517357733773061340073406024647367243633371050446043460336463135300550602047507050355724174365
1211444715723777357237773530405702407276276707336721054440464737173630000415404067420041460764273165
0513600304667736223677302020044754013343602036043300451045523476076623743550115043401050444425371245
7215506240247526372453713504536302677533627105760437651040154217722502111652004146414641470537163234
0000154165446323710633470473510570473673732270357630555005405124367760205400204441503444240773163765
1204415515727273732436235064416036763732712733720053201140050513452251730317444046116404037044146034
1565251161764376737301130145622432157417324566235043046040440714763377026044205024442400104454726765
1230176200421552735073643370173013373373273323302354401047414775237323723573400144040045443602742422
0555211550404470437063744206475736376743730730437460304440421251567372330050044474025044140004572745
1211541710450642544374701134030767237737337327324000424046604150557473533671430400454105010677462652
0523113541441057277123104440457436176647373373613044464050515032073373732373040040441400042047523365
7215512314500440064275346014327143322737073643035250400021051504374465737332004544060004404476406062
0601505461155435453034105447743276763377073740331040004544156430551477777373206614001470412043767265
1204167005150024050350044017617727637332273706334053445412450532610167677673130600044041004464626313
1515150154055407441305630154402524377763334704516041442141560004215643222767130004204550444673367265
1231011451051514000346000741557533202567773360304452144110034624714533333477662330540613450735232363
0651461446546513056040075017623767357630277230316401701050560154107404377233243034404555240356627065
1211145515010050405101640740773215723373373476360440007140354417324773563773400654113707017323713363
1515513115545461360045244737361716316400476737013000304400437767273017613332556270002456277667666365
1214555154151510121606106477373627321373637037340070443147455217350733477333720530447667163221265223
6205121155155515470242060443703734073773073347500644004040706737273737303667032011544053363266263765
1212651541015151241444543735337667360730237402004440274003440737773735073147722305414336166263276222
0541116761755127127524274027553375273337374275543040407044361447371737373733305440774733267263326765
1237716512131511145510504144573733776536373137204140034400044727373777573501254145477736125376221652
0616522676671001044170525542732737227727330725404000444004404054343137153737301047160762227127552565
1003266722627157305045415577321737176377616364107044350450404467343737377731354406175336762666126262
0165643362661271106145156305104344323712726230004446011040544407407734373417351015743636322125632265
1236276662202052754652700022777533370737431030444507502044410144702774371737001054354727661253315514
1765362226566231301471500454536775323537373641360010414444004261017447773037540631772165622365151765
1247622105225713556511555400135517133337073775005024444100447006324370377137361760031572265623175232
7226626262055115652515150004407376777333363400104144440046000044473743753776363236574326463201274765
1242165261352115515313565256344106437713333130244444005405742430067417337337003114506134276612541652
1001444623552151517151016001552240737477733033474450160004145027446326375340345464622746636226116535
1245555211061252154155040560001754077303777373340051000424100044403031671033440120772656321666203732
1116715155551515451515143020300477267773637773030401074440005445407404335644040704410717672632175765
1245551130111551511357670340044474273366733570540004246001444050020444432131004475362466722664125214
1111151555515150715151475203540442747233177333610454730052444001044447533701455540023462266262262765
1245541116125715415551130146014514337377337670740260004441501504444004006042106235367636333266672232
1116515455151515151575725404670403744373721372057200324450010414400405704730404567233623076606226765
1245111111153151155011514140340004447333737433720014440005044440040410554041504006304302140426511652
1105175563415051513141454024410444777673337373035343000404144004050040421140474437773277632331652565
1245017512511547555115600552044500752763733773737300040444400404601040564040366713667423763136631252
1602636415151515151510064001440054716377065377437303047440047500304240404527044072442276337733062265
1275155215115115501050444534300546424310663723776103244004046010404040500604400332674733730462135415
1711531551505151514143441400114011357723374135737733703405004042504140470443247471666077627323661065
1241551151154155517514670000474047052356661704374370040760104040406047547074056363030322767066305262
1215515515151515151404100040474043607632221777733502450040425045404402124406027153637633335521465065
1274511511511550165750034740734452042073773632170437001340504140170473543056040373633774336226626223
1155125150515151417001304040440157244662772773372700464400457044025446010643436304704367627323226745
1232115115414551550450404544360677272233235777633027240024751404434135006474517337637261277666613422
0553751515161015111040404405040321706634762362777332001440471446700100145140737072370273633522261765
7231151171145057525040440704536336634135226333377763375741554011040044074050617577733703074217573062
0551215054515141511044600500407042773377323746336271733116737007301300465400314563774237347633270245
1211541561155642154503046370003770337737253627623337777320070440440074440035473337237763372777333224
0513151555151616326004505740473677736717171702377633324150471043003454040044744723350377403564773765
7215110111555761705662114640300434707337273737662767333722634400444431204444577317373633473235772032
0151614551501130612155524724276337367673671602274237604350435044540400444411474473073573772737336745
1241166125555313450111100464426030273472733234663766213731704131014444430040442176136737737707322352
1515462613010554072567657514023546633636767362366227307052545504446772005541010045457331672377603765
1217114155501455526525612557156632733725237275233336040241407155311000405500004446367413363763773032
7161254141114010325231063260222702334567333377733622427554054407000345400700434545252474033356337735
1245222555515540574572200461654477472226674323771362314421452050644647103057471013146276733633366762
1016641511067111576126766014727120246423753733735071562444021001464206244156540063410020570453023365
1243106570105074125531256165712054747217677630331074115410506445501015501505155555005347637667336623
7100114111403150543612530322501247064042372775323345740015415432135451510514503000057062362075762265
1245455543456445654156720654534300324727631766771732304064170053560225115430502240507477313666622632
1652235114155562110155242405525044404044373237227577353105027401151414175155415171033473703236221064
1270652511511151551517512550104140304447373733176320641004040404061251150565204075447437254746432363
1511551011455155111551052150554210545477373737327733000244043415544151551551154135045427377326627065
1215555155115515315105005441400014560057273737373310044404045054627511313551101174041014547723060263
0215511110541531115515544540000404005027347766373752450404050155161217515510514565051444734666662365
1265251551555155151151134116047405067077743267313731370400441470155412156525611531071140714636276223
1165111105215611156672700004542104340322717433776337040274053201717054150115100557447171371653636245
1205510404551761211553560474513404504736427573327431047416747732257121340555202261244047402672722522
1255111454161114624335652420011400255544373773773302040047077517331044421001104404402632052450666765
1237155136513416766612150134040044041315403737437632047453177723073440502000440540455006242765266012
1561070517471235342261206504004504344427134374370307727373332776732000514754034550001067343207260365
1201050474170666103164020100445467146145506375603764474073715367750000404470403007427355770225246624
7215045466220424277376267454540136001611730230734231763271737336325343410340470043011443302234526545
1212555050316467034646212115153503760003747373767370250737437323536144014040775005467643644551554612
1151450667633260422732125707000105044704517072217703567376377173601360604060475047343201652100622565
1245550226017073306776630256505634167377173373737352567326273773730010426041364006747510170215445015
1211511464343456405532762631100150240620753633634326271063767237674040501761165466101755561245175055
1270517416613631042373662025355005465435776536637323115553432574302252517614324561363411534135161263
7114556224701734035472431251612760151505335662337561342557164265730005626324506225155325403041556565
1245515173745431140542636362761251451636742327602261135652262326060453743252624113041144106041513015
6222016761432104044025547621212511503027246566226245114026324155230467115550405144445505402075413565
0267127166300704504024663626267223704401107612761271750400431105124574127211064144121070100440141562
1555612603050440600562163262226370752535054556320121052040401045350225023502154500054066424535004565
1271343244047444044374417474723412441404341411441444447444044444040444244414440404441444422474143414
0233213333322103300331133223232323330323232333133313331313133303232303330333230313031313030323130323
