77676746774767457754676647754754475547455767474755
00404060350036500540403636300440004050303630663035
12417647621301512577273061272217424305064164244722
12564156370335414004742154430041460015501474616332
05215413771633100467637260034044044027017141766715
10156735735130170450473200404404704134154556366025
02245021347304037473333050540410174413623003111462
62000744473703537447766237075060445050040070763164
15325557143074013041647333300134030157736626435515
05136207014374405746433671377450050403002542335315
02505407744131744357673377026241043467307666735163
72110144447136601602067715027502040611453351155165
16726715377713302054344022270415400466237015751015
11415470073776733467303250543475017363621351501545
62750303454724572210414003614701036073626225514163
12027756176237610044400464453737735633642215535565
15343510562632377350020247461366672333110626101015
15301314476736313505064446073223323762766236105555
06710634156736333007244316040646736137025601612163
02145400252407410036401704336627320731253623045565
15140057046347175343660474602346377326362014161015
15125043524432647040077620764063221757323662405555
62004247470003244221640140637204057246671261613163
02525144055407507002244275750717752363242203235565
15107115750632500474403746237324217352663406141014
15354051550454013443105437527774720766272236305734
01155151511517354030477116575322066327066721673145
62011315631701750054677623336230240426626422034565
10751435010554001701034254547307534334326632160062
15450442153410360404435371717173673527663622307065
12565255155727030354714537716372430762264767266263
72621011515107044570456737324273710307266272222363
10651570025104240411560477163773736264267216723634
16411115471135444437231373276737631642376626376725
62050744271442373673370632437432372620723727632762
12721757054245000415703774337325662602254365722332
15331311443050745637366337033042623062743372267734
75300344450001004074253350467433673237760336663765
00737430001457477363656436633703272726277523276322
72745500040441674616526522676046246626147763637263
65202014064446235237232511565226426232623372722662
11354307447021360776510111130124525135676313666035
07760124574767372235510674643436022722036643322763
12657416504624221545300454245015762406332456036562
65161250725575245224140431040164154237713562123525
12306612610332723104542554055424521556474512574535
65224733376343151474013401341130200522225215124722
72263676336603150505650505050510604515755115562165
77442734723407240734170217040774473210342144174413
12100330030012000300030003000320130003201100130033
